20.2979724375
20.2953381114
20.2912940539
20.2814849235
20.2588393426
20.2096789852
20.1101671701
19.9267757264
19.6268140502
19.1968883706
18.6612874866
18.0911642089
17.5803674366
17.1914214414
16.9297250415
16.7661002314
16.6670483272
16.6076111274
16.5719131975
16.5503871723
16.5373288055
16.5293295789
16.5243482109
16.5211635483
16.5190478982
16.5175699331
16.5164754193
16.5156152424
16.5149022366
16.5142854833
16.5137351288
16.513233487
16.5127698645
16.5123375755
16.511932231
16.5115507669
16.5111908953
16.510850796
16.5105289446
16.5102240149
16.5099348249
16.509660304
16.5093994743
16.5091514375
16.5089153659
16.5086904954
16.5084761198
16.508271586
16.5080762892
16.5078896691
GRADIENT DESCENT TRAINING COMPLETED!
3.81150243751
3.80886811141
3.80482405389
3.79501492349
3.77236934262
3.72320898518
3.62369717013
3.44030572639
3.1403440502
2.71041837062
2.17481748659
1.60469420893
1.09389743657
0.704951441424
0.443255041549
STOCHASTIC GRADIENT DESCENT TRAINING COMPLETED! NOW PREDICTING.
34.1981773423
31.2996347343
64.3008834582
36.4542249515
32.2452078727
70.4645378054
74.0341515809
25.7417188104
40.8311064528
43.7382010767
41.4923119107
35.5939413117
66.1089070917
78.7037106026
68.9750265894
44.5002633681
64.7330723241
56.0345881477
21.7551529681
29.8144978428
63.3434732602
51.6648581077
24.5443035821
61.8657072255
49.6301552056
36.9168170284
41.5746155294
57.7027124842
63.8968702997
55.2407372238
70.2282544188
56.2591616161
59.8473959649
42.8905803409
35.1577262433
28.0151618141
41.7503504125
56.1149138652
45.6951477036
49.0473090785
30.3215576936
36.0917564846
26.3424708068
36.8234979531
70.0105738224
65.4678766517
68.2819447535
65.3682794618
40.3342027291
50.4796580539